326.812866
305.092987
284.226837
263.884827
243.377899
220.348480
194.507507
170.077271
149.102692
131.111359
115.092514
100.861282
88.143799
76.693710
65.346375
54.391266
43.783356
34.646210
26.533844
19.290131
12.484833
6.537048
0.740967
-4.588226
-9.465668
-14.029053
-18.452332
-23.637299
-32.528290
-44.446930
-55.313080
-63.277191
-68.170441
-72.009735
-74.500854
-75.219727
-74.852478
-74.803711
-75.097137
-74.756714
-74.252106
-72.835724
-70.898499
-68.592773
-66.300293
-63.775757
-61.613831
-59.273468
-56.964111
-54.634460
-52.904205
-54.760468
-60.920135
-67.824280
-71.983246
-73.509430
-73.608185
-72.583588
-70.344666
-66.857269
-63.666718
-60.584686
-57.800140
-54.652405
-50.982361
-47.377075
-42.994049
-39.473785
-35.625702
-31.971405
-28.464935
-25.161896
-21.997101
-19.160767
-17.273468
-20.037933
-26.612976
-32.693146
-32.976990
-33.243073
-33.379761
-32.443481
-29.995056
-26.661072
-23.660095
-21.578125
-19.270813
-16.700836
-13.603119
-10.574707
-11.067474
-7.703552
-4.641083
-1.766083
1.007263
3.620148
5.747498
7.928619
8.808411
5.579712
-1.779419
-5.392670
-10.290863
-12.406738
-13.383759
-13.536835
-11.685760
-9.093140
-6.849457
-5.591278
-3.434296
-1.301361
3.266937
5.943939
8.747101
8.923035
9.364929
11.379272
13.485352
14.970062
15.176575
10.715668
6.191467
0.709808
-2.918427
-4.570770
-5.323273
-4.596893
-2.708069
-0.705750
0.473724
1.273438
2.254852
3.685822
5.618896
7.578674
9.528076
11.541687
13.500427
13.790833
12.618622
14.136597
15.439301
16.757935
16.206299
11.321289
5.692505
-1.232361
-6.531311
-9.297638
-10.793091
-11.021088
-9.592712
-7.952789
-6.141296
-5.401733
-4.514923
-2.939697
-0.894592
1.426758
3.988007
6.218750
8.555298
10.535339
12.492706
13.946228
12.785065
13.333801
14.510071
12.165863
7.908478
-0.325378
-7.067963
-10.818695
-12.827942
-13.698608
-13.102631
-10.882172
-8.810974
-6.981262
-5.938049
-4.363098
-2.481232
-0.192719
2.466827
5.025085
7.341370
9.736572
11.943909
13.291870
14.881012
14.451538
14.142181
14.476379
12.351379
6.993561
-1.487396
-7.467743
-10.556213
-12.180176
-12.996826
-11.757874
-9.575104
-7.472046
-5.957947
-5.201752
-3.732422
-2.007080
0.074829
2.339691
4.898499
6.791931
8.841797
10.331818
12.012207
13.429840
14.606140
12.317230
12.566132
10.406036
4.211975
-3.295166
-7.280182
-8.969299
-9.525787
-8.680511
-6.835022
-4.880066
-3.543701
-2.930756
-2.178192
-0.945709
0.862701
2.595490
4.600586
6.938995
8.856415
10.955292
10.566620
10.106567
11.731995
13.239349
13.896088
10.343201
4.757416
-1.297882
-6.682922
-9.169250
-10.736725
-11.168365
-10.206573
-7.917908
-6.036133
-5.171722
-4.314941
-2.836426
-1.328461
0.633606
2.635010
4.755310
6.883514
8.214050
6.182465
7.928864
9.608063
11.257233
12.347076
11.628601
6.471466
-0.433319
-6.480011
-11.139679
-13.782593
-15.385773
-15.709473
-14.169769
-12.408966
-10.131531
-8.798615
-7.480560
-5.459503
-2.909210
-0.658997
1.853302
4.114471
5.933990
7.989075
7.529114
7.179565
8.545532
9.840515
8.674072
4.094208
-3.249603
-10.586273
-14.499725
-16.550232
-17.594086
-17.263824
-15.171417
-12.353638
-10.189911
-8.954742
-7.292603
-5.090149
-0.304047
2.285095
4.830109
7.197937
9.325012
11.246613
12.159637
11.796509
12.239960
13.923157
12.825867
8.537384
1.737396
-5.885040
-10.228912
-12.143036
-13.462708
-13.366302
-11.677216
-9.187256
-7.230835
-6.176361
-4.990906
-3.262726
-0.842255
1.260162
3.793610
6.131897
8.209625
10.039886
11.793213
13.434692
11.804108
12.430481
13.551270
12.644073
8.481171
1.438507
-6.441345
-10.904572
-13.225006
-14.402008
-14.380829
-12.705658
-10.396820
-8.545715
-7.611603
-6.536499
-4.810944
-2.453094
-0.025269
2.253906
4.650726
6.890228
8.762085
10.303619
11.975372
13.245422
14.115997
12.001526
11.531433
7.864624
-0.843658
-7.180969
-10.305542
-11.513245
-11.943451
-10.526093
-8.193665
-6.425934
-5.037537
-4.003723
-2.828186
-0.837189
1.278229
3.256775
5.517609
7.796722
9.621521
11.603058
12.792297
13.703339
11.390442
12.823914
13.077026
10.524506
3.680847
-5.070312
-10.597168
-13.216339
-14.896332
-15.101318
-14.238373
-11.641754
-9.328949
-8.357697
-7.441315
-6.072815
-3.905212
-1.427185
1.315460
3.807587
5.825714
7.959869
9.634125
11.139587
12.445923
13.936249
11.591278
11.107635
9.072815
-0.387939
-8.639282
-13.486816
-16.031799
-17.417023
-17.651825
-15.664963
-12.952148
-10.953552
-9.808624
-8.430176
-6.295715
-4.028625
-1.475983
0.897919
3.404480
5.979645
8.125824
10.187012
12.095795
13.406952
14.537262
16.061615
15.863434
10.295044
0.634613
-8.222076
-13.275513
-16.268738
-17.344498
-17.824249
-16.114914
-13.040497
-10.337494
-8.992691
-7.422241
-5.146942
-3.056366
-0.050964
2.580475
4.961731
7.573730
9.794220
11.543732
13.402313
14.767822
15.910614
17.507874
18.400024
15.485657
7.699280
-2.068909
-10.017609
-14.402664
-16.029144
-17.148438
-16.556015
-13.976257
-11.386948
-8.986465
-7.718597
-6.172272
-3.670105
-1.207977
1.258408
4.362885
6.723984
9.073975
11.503601
13.358246
14.949982
16.752228
17.662628
18.962524
18.900696
14.469299
4.718140
-4.920013
-10.947189
-13.789749
-15.379349
-16.000137
-14.763031
-11.874191
-9.640030
-8.457108
-7.116074
-5.582352
-3.195740
-0.851486
1.968246
4.284821
6.819366
8.951981
10.716187
13.081879
14.027588
15.660614
17.003296
17.637238
15.869415
8.119598
-2.056976
-15.381729
-17.339249
-18.223312
-17.518417
-14.854172
-11.850586
-9.570648
-8.134354
-7.077057
-4.469391
-1.916901
1.108398
3.425720
6.643433
8.901978
10.822617
13.165955
14.757004
15.889099
17.263702
18.736298
18.584015
13.811340
3.891663
-5.683014
-12.562531
-15.047089
-16.737564
-16.909409
-15.647919
-12.414139
-10.370285
-8.520203
-7.790726
-6.024750
-3.773880
-1.261337
1.762360
4.265610
6.845947
9.283203
10.874222
12.978912
14.245270
17.899658
18.519257
16.686066
8.826416
-1.582123
-10.428528
-14.544067
-16.689301
-17.484451
-16.760818
-14.323624
-11.622925
-9.589432
-8.228210
-6.731522
-4.435120
-2.049271
1.162048
3.523727
6.718491
9.244461
11.247330
13.577820
15.044937
16.386505
17.736603
19.365051
18.362610
12.639465
2.523285
-7.098694
-12.196548
-14.831375
-15.713043
-14.458542
-11.778564
-9.243942
-7.943283
-6.754852
-5.117767
-2.654373
0.235535
2.613113
8.046326
10.154160
12.171066
13.721039
14.959442
16.132294
17.752075
17.557556
12.555359
2.687927
-7.055908
-13.767029
-17.198425
-18.866852
-19.039185
-17.357193
-14.278976
-12.016312
-9.869537
-8.592407
-6.507996
-3.725494
-1.101715
1.763580
4.487030
7.029678
9.244293
11.019562
13.122330
14.155487
15.540375
16.818878
17.442261
13.530853
4.760345
-5.981842
-13.552811
-17.439941
-18.974152
-19.598633
-18.489105
-15.939728
-12.708160
-10.648621
-9.676331
-8.162567
-5.950424
-3.388138
-0.732376
2.278229
4.936295
7.128647
8.844467
10.644165
12.374893
13.917755
14.950302
15.206131
9.923492
0.339706
-8.641174
-13.755569
-15.611267
-16.102402
-15.366806
-12.779846
-9.662460
-7.480042
-6.546234
-5.175293
-3.438034
-0.931854
1.679733
4.701874
7.475708
9.847702
11.383286
13.377243
14.989502
16.488876
17.928894
18.701736
15.035431
6.004135
-4.925903
-12.747421
-16.880661
-18.748352
-19.717880
-18.556091
-15.482407
-12.146851
-10.417999
-8.878647
-7.208496
-4.910416
-1.914658
0.967209
3.782974
6.468170
8.924103
11.074707
12.973083
14.347382
15.909714
17.733475
16.630249
-0.686218
-10.114685
-15.742630
-18.400665
-19.635986
-19.696579
-17.239578
-13.617752
-10.896469
-9.217499
-7.475693
-5.096268
-2.198669
0.843079
3.916473
6.678360
9.136246
11.505814
13.547180
15.088531
16.529587
17.860352
18.642014
15.520554
6.653732
-4.136978
-12.075821
-16.227859
-18.174942
-18.929581
-17.911102
-14.634003
-11.341614
-9.318420
-7.906494
-6.226852
-3.799789
-0.917740
2.058853
5.116821
7.855927
10.037994
12.248596
13.685425
15.778183
17.319839
18.572235
17.394241
10.598663
0.639679
-7.085983
-11.357803
-12.980804
-13.259323
-12.329742
-9.093506
-5.927063
-4.070831
-2.626541
-0.783936
1.392548
4.264679
7.041992
9.707245
12.058685
14.521378
16.067795
17.445328
18.269730
19.103394
19.896133
19.586838
14.824066
5.725616
-4.137161
-11.444031
-15.025253
-17.293869
-18.505951
-17.738083
-14.800110
-11.726639
-9.680038
-8.072327
-6.006439
-3.379578
-0.413162
2.360291
5.381454
7.933273
10.529114
12.485947
14.182861
15.973877
17.757294
19.871307
19.990158
16.043060
7.538635
-1.918365
-8.484161
-12.351593
-14.796753
-16.096985
-15.860825
-13.423523
-11.075439
-9.725693
-9.296188
-7.661209
-5.452682
-3.104080
-0.626556
1.892365
4.331497
6.466690
8.328430
10.076843
11.606979
12.910721
14.092667
14.915695
12.094223
4.286148
-5.386002
-12.539810
-16.780640
-19.650955
-21.315506
-20.815598
-18.134171
-15.020630
-13.467636
-12.199738
-9.951126
-7.417679
-4.481445
-1.652405
1.074890
4.098297
6.829041
8.889984
10.723663
12.186493
13.890747
15.463760
16.630966
14.276825
7.064209
-1.906281
-8.008911
-10.930084
-12.250534
-12.127914
-10.193726
-7.315262
-4.688507
-3.363190
-2.445847
-0.870987
1.210159
3.625748
5.869400
8.380981
10.473740
12.550797
14.079025
15.830368
16.909073
18.165619
19.664536
19.753357
14.837662
5.252991
-3.912643
-9.377548
-12.173676
-13.282654
-13.644104
-11.745239
-8.433746
-5.823135
-4.334488
-3.149368
-1.394897
0.855927
3.300446
5.837006
7.636703
9.793594
11.526001
12.873093
14.520370
15.600510
16.215378
17.025513
16.357178
10.212234
-0.087601
-9.633301
-15.806213
-18.636612
-19.929352
-20.791306
-19.334747
-16.335342
-13.753876
-12.237076
-11.053406
-9.215179
-6.599747
-4.088455
-1.341309
1.457733
3.512421
5.553345
7.262527
8.981277
12.203201
13.291992
12.838455
7.963989
-1.546631
-11.778961
-17.998001
-20.551422
-21.764618
-22.143265
-20.168365
-16.847275
-14.472977
-14.379288
-14.277145
-13.117599
-10.495132
-7.780655
-5.238968
-2.640518
-0.229095
2.349884
4.406097
6.253616
8.290115
10.062866
11.422455
9.989197
3.531311
-5.840698
-12.971344
-15.485046
-15.393372
-14.682831
-12.666473
-8.726425
-4.961899
-2.778152
-1.393707
0.280457
2.590836
5.490158
8.259323
11.424881
14.565750
17.541260
19.777069
21.856674
23.381638
25.210297
26.559357
26.722351
23.131592
14.238617
3.813538
-3.215500
-6.439957
-7.469589
-7.840271
-6.841415
-4.038147
-1.053497
0.897217
2.199692
3.619934
5.544388
7.408554
9.803406
12.391861
14.634811
16.162384
17.434341
18.662231
19.486420
20.323013
21.059402
21.993942
19.797318
11.913116
-0.001099
-8.979218
-13.790268
-16.070145
-17.193893
-17.194412
-14.832092
-11.747452
-9.676407
-8.971359
-8.227448
-6.389648
-3.558319
-0.988892
1.554886
4.324020
6.795013
8.974609
11.390350
13.112854
14.573074
16.437317
17.787262
17.904785
14.274323
4.774643
-6.719376
-14.915100
-19.078003
-20.767929
-21.512848
-20.554001
-17.942917
-15.153229
-13.074036
-11.828217
-10.152786
-7.453049
-4.824051
-2.088684
0.897537
3.689270
6.420609
8.819626
10.368835
12.404816
14.081680
15.095947
16.151871
16.388672
13.017990
3.533951
-8.727707
-17.143433
-20.810684
-22.350876
-22.892822
-21.867294
-18.508759
-15.378036
-13.238770
-11.830551
-9.773529
-7.172531
-4.070999
-0.672104
2.548996
5.114548
7.812347
10.404144
12.157578
13.871429
15.709473
17.472092
18.054932
13.691528
4.398132
-5.778183
-12.045715
-13.755280
-14.206375
-13.621628
-11.442093
-8.090179
-5.278168
-4.496552
-3.721527
-1.920013
0.612411
3.353745
6.004257
8.800919
11.245773
13.163971
14.797684
16.098602
17.339630
18.381668
19.245087
18.264313
11.558121
0.183960
-10.466522
-16.278122
-18.654648
-19.339615
-18.935028
-16.488922
-12.087769
-8.199249
-5.830658
-4.105759
-2.192261
0.270096
2.867188
5.693115
8.599533
10.589844
12.305466
13.611282
14.768448
15.687454
16.685593
17.556183
15.220001
7.271347
-4.460480
-14.221802
-19.382004
-21.520248
-22.083710
-21.166763
-17.646408
-13.714279
-11.119720
-9.434982
-8.189026
-6.207794
-3.286102
-0.138824
2.383484
4.986160
7.387802
9.734848
11.434052
13.061996
14.583710
16.061951
16.740814
13.400299
4.364655
-6.967163
-15.406967
-19.416641
-21.427689
-23.253235
-23.227020
-20.548950
-17.761261
-16.161652
-15.883224
-14.457535
-11.887070
-8.337921
-4.322433
-0.728271
2.436966
5.058701
8.197891
10.914230
13.155441
15.518967
17.184036
15.215088
7.214996
-2.279053
-8.884521
-11.056564
-11.118607
-10.419495
-8.067551
-4.543320
-1.530807
0.535995
1.675507
3.414780
5.918335
8.299835
10.898422
14.064011
16.664429
18.747726
20.220337
21.717148
22.906708
23.927490
24.575333
22.414032
14.361267
2.557327
-6.802963
-11.831757
-14.481827
-16.605713
-16.621002
-14.412811
-11.343414
-9.288132
-8.337784
-7.064133
-5.167130
-2.394669
2.792831
4.894516
7.125763
8.996033
10.668442
12.429398
13.462524
15.053284
15.585739
10.191437
-0.047974
-10.197159
-16.461563
-19.457214
-20.937119
-20.696075
-18.583221
-14.466995
-10.839691
-9.286911
-8.417740
-6.892059
-4.422546
-1.533600
0.889435
3.279587
5.630249
7.754913
9.445816
11.236115
12.789001
14.456726
15.730988
14.597366
8.191315
-2.374664
-11.046249
-15.782166
-17.661697
-18.845490
-18.705200
-15.875275
-12.362061
-9.913773
-8.467514
-7.123993
-4.766769
-1.822983
1.225494
4.336517
7.071442
9.695923
11.668671
13.506744
15.040039
16.912659
18.764832
18.817032
13.515305
4.593307
-3.597290
-7.825089
-9.411438
-9.681625
-8.720093
-5.973801
-3.356293
-1.970901
-1.074783
-0.016861
2.043808
4.052399
6.609955
9.186325
11.495331
13.084717
14.567429
16.086853
17.259354
18.399353
19.734329
20.380615
17.661758
9.483856
0.238846
-6.907303
-10.563995
-12.463806
-13.366394
-12.921066
-10.504135
-7.489594
-5.510620
-4.347885
-2.914322
-0.691452
2.103317
4.515198
6.713593
8.903000
10.722092
12.356064
13.260223
14.619293
15.900986
17.154495
16.535751
11.459473
2.096939
-7.364487
-12.921326
-15.551758
-17.396271
-18.316437
-16.925568
-14.014526
-11.797150
-10.276474
-8.669678
-6.869614
-4.428268
-2.117233
0.575302
3.069534
5.156036
6.751938
8.495117
9.730423
11.125244
12.242081
13.252289
11.252228
3.767502
-5.771301
-12.591599
-16.146973
-17.650513
-18.222855
-17.499146
-14.535187
-11.963684
-10.008163
-8.866058
-7.005402
-4.656708
-2.038788
0.650848
3.677414
6.315231
8.286041
10.143387
11.594910
12.704819
14.270157
15.197784
13.082031
5.499176
-3.710266
-9.898621
-13.183929
-14.352493
-14.452240
-13.136932
-10.351166
-7.651489
-6.172424
-5.015503
-3.399185
-0.981888
1.376999
3.864746
6.353561
8.678223
10.531693
12.391373
13.787201
15.094131
16.146896
17.234283
15.665802
8.946304
-1.461487
-10.260574
-15.290237
-18.295410
-19.785797
-20.076111
-18.252029
-15.428955
-13.485062
-12.178238
-11.255386
-9.280212
-6.931580
-4.394089
-1.635818
0.980423
3.499573
5.389984
7.185043
8.504105
10.017090
11.633072
12.335724
9.602341
1.108093
-9.115662
-16.664658
-20.288422
-21.703491
-22.311615
-21.208878
-17.848984
-14.618607
-12.646317
-11.125534
-9.298920
-6.765396
-3.457581
-0.244949
2.816391
5.647766
8.144821
10.939133
13.028503
14.793793
16.514084
18.280365
18.924988
15.048599
6.113113
-2.683289
-7.824005
-9.569931
-10.502151
-10.638824
-8.702698
-5.762024
-3.601822
-2.625580
-1.484421
0.265900
2.331390
4.971085
7.735214
10.248108
12.294250
14.218628
15.967056
16.796997
18.326477
19.515076
20.220108
16.882690
8.772324
-0.436768
-6.668747
-9.467270
-10.646027
-10.704559
-9.218597
-6.737137
-4.389862
-3.065689
-2.377533
-1.150269
0.861649
3.230759
5.602203
7.725555
9.825577
11.698837
12.896790
14.320450
15.464249
16.460007
17.295410
16.706635
10.812286
0.661911
-8.803818
-14.288010
-16.892609
-18.145264
-18.267075
-16.703918
-13.695847
-11.418793
-10.347046
-8.862854
-7.027634
-4.676971
-2.293076
0.335434
3.149200
5.276260
7.463150
9.366928
11.265930
12.680954
14.184647
15.144760
13.873810
6.720474
-4.428284
-13.239182
-17.637314
-19.585693
-20.463684
-20.086044
-17.549438
-14.342316
-11.945496
-10.668350
-9.272018
-7.282288
-4.797546
-1.995926
0.688385
2.986862
5.296204
6.992447
8.562653
9.795273
11.004562
12.324524
12.547546
7.968781
-1.573288
-10.754517
-15.874054
-17.450775
-17.960037
-17.010620
-13.968231
-10.541733
-7.871948
-6.302536
-4.861847
-2.475815
0.359955
3.154404
5.824966
8.583420
11.091415
12.953537
14.520325
15.757812
17.198502
18.520584
17.818451
11.363525
1.335068
-7.044037
-11.710144
-13.560837
-14.428436
-13.749191
-11.052795
-7.991409
-5.540253
-4.450058
-3.080124
-0.919128
1.480270
4.170685
6.730957
9.266876
11.051559
12.840485
14.018738
15.290268
16.288284
17.513321
15.812546
8.809845
-2.268448
-11.905411
-17.034164
-19.307968
-20.463913
-20.773529
-18.216492
-14.558914
-11.684418
-9.849945
-8.122818
-5.786575
-2.876892
0.134476
3.172180
5.725266
8.136246
10.376785
12.295944
13.799149
15.336456
17.074280
17.386276
12.980957
3.218658
-7.495453
-14.658600
-18.046432
-19.895386
-20.566086
-18.779068
-15.336884
-12.279938
-10.285172
-8.844299
-6.956802
-4.447906
-1.452133
1.616974
4.550583
7.220413
9.399307
11.333557
12.734909
14.401306
15.948227
17.043030
15.580063
7.709213
-3.257477
-11.464066
-14.977310
-16.172607
-16.470200
-15.614548
-12.465958
-9.445969
-7.744919
-6.681137
-5.047485
-2.735596
0.176270
3.357193
6.538116
8.781616
11.269501
13.353897
14.996719
16.577545
18.295547
19.509720
16.002258
7.261520
-3.262741
-10.405228
-13.462906
-14.001358
-13.659988
-11.671494
-7.813477
-4.692032
-2.780106
-1.522415
0.221832
2.717667
5.235123
8.209763
10.673553
13.257614
15.160263
16.839844
18.104721
19.109787
20.210770
21.024612
18.531448
9.293457
-2.830643
-12.477005
-17.307663
-19.374695
-20.176483
-19.244583
-15.849716
-11.873535
-9.035187
-7.531006
-6.030365
-3.650314
-0.613022
2.629868
5.419128
8.515793
10.953430
13.194214
14.688538
16.131287
17.520676
18.849121
18.772110
13.214920
1.742950
-9.421188
-16.050507
-18.798492
-19.915390
-20.015045
-17.793610
-13.876358
-10.826462
-9.104538
-7.797958
-6.338547
-3.752243
-0.706238
2.240768
5.124420
7.655533
9.551224
11.368469
12.710159
14.206497
15.731552
17.038177
13.911148
4.546234
-6.507217
-13.609421
-16.174942
-16.857132
-16.075012
-13.367416
-9.132874
-5.739487
-4.039490
-2.886383
-1.212372
1.695282
4.631439
7.632675
10.092163
12.855286
14.587845
16.100143
17.222733
20.901810
21.062225
17.361557
7.537857
-4.051697
-11.905731
-15.045898
-15.785904
-15.678970
-13.706833
-9.915131
-6.291885
-4.583893
-3.687820
-1.938309
0.409790
2.840485
5.582306
8.202835
10.455963
12.225693
13.635117
15.069672
16.258957
17.526169
18.835953
17.219391
9.149170
-3.296585
-13.620346
-19.098831
-21.207825
-21.661346
-20.502289
-17.522690
-13.703384
-10.479248
-8.781357
-7.602783
-5.132736
-2.222076
0.678268
3.933197
6.778656
9.125732
11.295837
12.829575
14.179428
15.373749
16.922714
17.860397
14.852524
5.236511
-7.408752
-16.460312
-20.730743
-21.881500
-22.258438
-20.494415
-16.353775
-12.186432
-9.321198
-7.979050
-6.139221
-3.500488
-0.397171
2.843231
6.363632
9.174667
11.346085
13.200378
14.525177
16.019043
17.473343
18.925079
17.954315
11.317963
-0.455139
-10.469482
-15.027542
-16.153259
-15.937454
-14.391922
-10.584091
-6.670471
-4.222504
-2.892197
-1.900635
0.300369
2.992523
6.213867
9.158447
11.443817
13.951355
15.620178
17.095657
17.882187
18.938232
20.103531
19.291245
12.188889
-0.193802
-11.295547
-17.297714
-19.248016
-19.434875
-18.903595
-15.874512
-11.776611
-8.718536
-7.414215
-6.079147
-4.181656
-1.380051
1.444153
4.485519
7.232666
9.859604
11.806168
13.296448
14.619339
15.785049
17.527695
17.950394
13.341278
2.277084
-10.470016
-18.639587
-21.575378
-22.098267
-21.992111
-19.807785
-15.458038
-11.433578
-8.035629
-5.733841
-2.773453
0.429932
3.396912
6.520065
8.965897
11.472778
13.316498
14.840866
16.313644
17.695801
19.054886
18.024384
10.123947
-2.844055
-13.697067
-18.727875
-20.222382
-20.909897
-20.164307
-16.751633
-12.525650
-9.753159
-8.473129
-6.967285
-4.953781
-2.398972
0.616867
3.787384
6.354065
8.715805
10.956665
12.719238
14.375626
15.987640
17.395325
16.403748
9.245193
-2.889389
-13.129974
-17.740936
-18.778824
-18.084076
-16.022339
-12.040390
-7.944107
-5.226074
-4.097382
-2.427887
0.355988
3.461243
6.091736
8.814682
11.362228
13.598251
15.332825
16.766556
21.073471
22.127518
20.464233
12.468216
-0.683487
-12.200424
-17.491913
-19.545410
-19.950119
-19.054596
-15.572144
-11.295670
-8.408478
-6.942657
-5.662674
-3.615082
-0.483093
2.685440
5.907684
8.995285
14.223969
16.059311
17.421082
18.564316
19.513580
19.456375
13.630005
1.293808
-11.658768
-19.858154
-22.872391
-23.450485
-22.901688
-20.272079
-15.598251
-11.613800
-8.968353
-7.259796
-5.052063
-2.105270
1.261230
4.359100
7.359070
9.960709
12.590652
14.424866
15.776749
17.020889
18.561615
19.685135
17.929703
9.227402
-3.665405
-13.980026
-18.983978
-20.119400
-20.083405
-18.474396
-14.304337
-10.192032
-7.765137
-6.604935
-4.892670
-2.457397
0.365021
3.479889
6.735641
9.557938
14.495056
16.123001
17.418991
18.928986
20.061401
18.000580
9.003510
-3.793030
-13.035049
-17.001572
-17.752365
-17.121536
-15.003326
-11.101791
-7.191147
-5.107391
-3.982224
-2.454071
-0.115021
3.258942
6.555176
9.818558
12.614227
15.034836
17.243134
19.122864
20.110611
21.468582
22.900803
20.874329
11.811401
-1.703781
-12.835938
-18.229858
-19.788589
-20.027893
-18.984955
-15.482513
-11.459564
-8.766464
-7.456024
-6.514465
-4.464584
-1.594818
1.544525
4.579010
7.315872
9.475204
11.628845
13.027603
14.619537
16.130768
17.463196
17.236008
10.734406
-1.922012
-14.162521
-20.602463
-22.967377
-23.105530
-21.925583
-18.698746
-14.198959
-10.159256
-8.045074
-6.577789
-4.288391
-1.231506
2.004898
5.240768
8.385345
11.030670
13.329849
14.967789
16.588028
17.799484
19.129898
20.162964
16.909042
6.418320
-6.117294
-14.591995
-18.230713
-18.788055
-18.027664
-15.681824
-11.839874
-8.353531
-6.536270
-5.717834
-4.194748
-1.084991
2.352051
5.518997
8.392075
11.093155
13.226456
14.557846
15.922424
17.116440
18.202438
18.106232
12.362686
0.426102
-11.111786
-17.586761
-19.655746
-19.839874
-18.716782
-15.436691
-11.308624
-8.233398
-6.786850
-5.383148
-2.996109
-0.308105
2.622955
5.615829
8.839966
11.817932
13.944427
15.699951
17.595505
18.989426
20.141068
20.562103
15.216568
3.348389
-9.386948
-16.706299
-19.298721
-19.718506
-19.225311
-16.831390
-12.774261
-9.165833
-6.824509
-5.248169
-3.454285
-0.591751
2.439651
5.349564
7.915573
10.875824
12.869217
14.354172
15.798141
17.449203
18.959778
20.179245
17.596832
8.266479
-4.637863
-14.766403
-19.727539
-21.403503
-21.999130
-20.804443
-17.474579
-13.370834
-10.579605
-8.499176
-6.900635
-4.510239
-1.497192
1.606400
5.029953
