55264
55719
58035
63797
68262
69430
69895
71782
75850
80381
88607
92145
95234
98474
102273
106006
108175
100137
81367
62292
51132
48083
49059
50845
55636
61046
63822
64707
65141
66895
70757
75856
80941
85557
89708
93161
96515
99864
104008
104703
94087
74909
58424
50977
51421
54719
57952
63469
69397
72646
73023
73763
76619
81009
85557
90396
94992
98996
102779
106064
109509
113157
114498
105091
87368
71703
64761
64225
66758
69741
74243
78282
79544
79189
79295
81563
85311
89320
93391
97712
102085
105258
108167
111683
114694
111277
97112
79954
68736
65715
66101
67009
69281
74187
77854
79308
79613
81197
84974
90181
95125
99727
104185
108298
111885
116007
120530
123232
116929
102447
88916
81528
80124
80790
81205
84157
88425
91595
92917
93318
95501
99087
103669
108288
112560
115892
118888
122351
125850
128306
128359
119595
105902
95394
91686
91840
93005
95137
99068
102860
104667
105612
106924
109454
113268
117865
122128
125970
129691
133121
136066
139266
141971
139538
128623
115551
107847
105596
106102
107490
109978
113655
115741
116435
116883
118557
121432
124623
128395
132132
135662
139049
142129
145489
148934
150317
143817
131608
120314
115183
114773
115140
116025
119223
122020
122958
122492
122572
124082
126292
129558
132803
135262
137444
140063
142484
145333
147993
146047
135963
123920
116107
114355
115658
116884
119178
122705
124697
124545
124616
126315
129195
132596
136620
140609
143404
145967
148729
151671
153789
153523
146056
134875
126098
122366
121903
122403
123757
126505
128974
130945
131841
132671
134884
138422
141717
143914
145852
148659
150515
152540
155694
158418
156621
148033
138185
132313
131067
131228
131457
133024
136250
138302
138214
138294
139639
141772
145021
147992
151009
153739
155736
157994
160913
163501
164371
159067
149485
141488
137783
136993
136860
136914
138083
140096
140855
140667
141107
142980
145819
148086
150326
152850
155331
157139
158750
160951
162875
161660
153953
143657
136376
133351
132639
132064
132682
134906
135635
134904
134483
134355
135150
137006
139015
140892
142734
144875
146769
149380
151880
151849
144768
132879
122658
117594
115333
113535
112541
114574
116731
116545
115944
116454
117580
119291
121761
124912
127346
129563
131937
134066
136229
138494
137469
128142
114681
103895
99321
97575
96004
95369
97072
99591
98929
99280
101840
104815
108026
111763
115440
118479
121194
123975
126813
129174
126959
115906
101179
90451
85602
83828
83118
83890
87279
89930
90206
90265
91961
94591
97702
101445
105464
108593
111662
114800
117604
120136
122620
119862
108416
94506
85974
83331
82836
82634
85057
88635
89750
89072
89090
90700
92827
95460
98712
101468
103829
106356
108960
111484
113418
112262
101432
83686
69607
63474
61388
60193
61583
65932
69348
71209
72633
73611
75773
79516
84196
88342
92443
95858
99043
102770
106135
109011
106588
94244
77876
65570
60694
60556
61402
63828
68642
72955
74736
75260
76576
79185
82917
87590
92362
96170
99809
103612
107096
110527
113475
109428
94858
77248
65788
62473
62894
63729
66035
71016
74757
75871
76253
78081
81667
86092
90667
95372
99635
103310
106537
109963
114115
116932
111622
96247
79793
70776
68739
70499
73352
77147
81760
85657
87753
88870
91205
95055
99983
103851
107814
111737
114823
118024
121195
124286
124669
116363
100782
86732
80590
80314
82302
85035
89862
93763
95158
94767
95168
98364
102936
107118
110998
115062
118414
121467
124877
128881
131839
126681
111647
94605
84102
81257
81662
82331
84449
88362
91935
93377
93229
94428
97548
101168
105337
108509
112515
120737
126196
131572
136320
135566
123862
106338
93247
88729
90519
92841
95209
100170
104322
105722
106079
106574
109829
116025
120449
123265
126137
128897
131325
134188
137119
137504
127239
107030
88982
78028
76013
77568
80326
85880
91870
94280
94197
94398
95915
99225
103968
108844
112671
116320
120304
123672
127794
131870
111288
90343
77413
74015
75330
77715
81813
87111
90284
90305
89446
90637
93845
98639
102841
106457
110053
113737
117497
121225
124678
122643
106984
82713
65716
60067
60087
61674
65234
71377
75250
75257
74420
75158
77996
81819
86428
91438
95214
98540
103118
108367
112281
108738
91979
70679
56739
53461
55452
58211
61969
67803
71536
72144
71554
73114
77198
82040
91261
95106
98338
101652
105110
106292
96070
73868
52307
40966
38547
39953
41231
45209
49550
50655
49105
48632
50643
54878
60772
65689
69476
71904
73583
76158
79674
77016
61870
42049
28914
25551
26716
29202
33714
39966
44728
46595
48070
50911
55238
60278
65793
69793
72771
75357
78537
81901
82079
72163
55391
39644
32084
30137
29986
29536
31744
33244
33908
33779
33939
34308
37022
43197
49101
52104
54127
57187
62228
57124
44266
31293
24082
21769
22375
23318
25310
29507
32193
32776
33548
37293
42661
48268
53232
56631
58402
60026
62491
64403
61356
49133
34452
24098
20577
21468
23455
25878
30654
33593
34647
34228
35312
37928
41217
44281
47819
50617
53501
55682
58018
59096
53286
40734
28797
21690
19745
18793
18322
20176
23953
22778
21226
21018
22277
24068
25831
30006
33673
35631
37918
40855
43327
40533
31485
21790
16608
15300
16438
18116
20966
24904
27191
27536
27616
29332
32466
35402
38621
41734
44349
46610
49305
51785
51110
42647
30609
22123
18689
17009
15331
14894
17348
20603
22038
21773
22163
24356
28048
32075
35484
38452
41773
44820
48131
51134
48333
38380
28142
22336
20161
20182
20709
22000
25326
27729
28205
28741
30265
32023
34851
38818
43396
46813
49400
53026
56635
58627
53806
43511
34843
31297
31376
32504
34415
38120
41434
43189
42934
43940
46340
49138
52541
56345
58995
60986
63304
65725
67217
62600
52563
42953
38011
37030
37296
38311
40634
42988
44098
43661
44606
47166
49732
52612
55976
59293
61900
64626
68217
69726
63349
51635
41227
35903
34221
33498
33446
35388
38733
41005
41429
41534
43380
46674
50187
53038
55432
58051
60706
63080
63895
58666
47102
35519
29697
28680
28552
28329
30102
33036
34390
34153
34328
35092
37111
40634
43525
46106
49353
56237
57271
50846
39660
29992
25987
25812
26282
27493
30238
32591
33173
33161
33328
34929
37786
40679
43041
45400
47959
50301
51277
48071
38927
27521
20185
18291
18005
18487
20610
23388
24480
23567
23655
24785
26374
28733
31811
34305
36497
39055
41812
41721
33926
21722
12608
8646
7962
7770
7906
10241
12993
14214
14031
14082
15641
17750
20021
24943
27763
30364
31246
27044
15789
3764
-3171
-4854
-5192
-5182
-3523
-787
992
863
2260
4859
7630
10018
12731
15801
18539
20749
19617
10892
-2127
-11934
-16111
-16620
-16821
-15738
-12266
-9521
-9034
-9188
-7881
-5709
-3031
-107
2836
5601
8435
11949
13866
9126
-2391
-13404
-18682
-19359
-18807
-17383
-14496
-11197
-9522
-9538
-9681
-7696
-4750
-2008
919
3867
6362
8726
10734
9463
501
-11845
-20187
-23498
-23612
-22519
-19938
-16723
-15480
-15602
-15449
-14077
-12246
-9179
-6055
-3075
-496
2381
5679
7631
2424
-9272
-20620
-26500
-28065
-28165
-27623
-24403
-20519
-19154
-18926
-18209
-16860
-14357
-11484
-8363
-5913
-3703
-528
2533
3356
-2382
-15558
-28918
-35699
-36794
-36314
-35511
-31781
-27727
-26069
-25250
-24172
-21631
-18381
-14420
-10539
-7426
-4759
-1603
1609
3336
-1685
-13826
-25549
-31094
-31735
-31181
-29727
-26092
-22722
-20731
-20157
-19036
-16451
-13002
-9219
-5530
-2064
935
3806
6950
9512
7288
-3201
-15335
-21546
-21944
-20804
-19087
-16191
-12769
-10902
-11092
-11307
-9696
-6924
-3732
-494
2580
5261
7533
9485
11575
9918
-299
-13502
-21574
-23032
-22107
-20676
-17817
-14040
-11936
-11931
-11479
-9728
-7203
-4034
-676
2400
4797
7480
10097
11931
12549
5874
-8591
-21869
-28521
-29940
-30023
-29290
-26154
-23002
-22047
-22134
-22084
-20789
-18120
-14355
-10733
-7799
-4902
-2196
393
2847
578
-11190
-26878
-38175
-42491
-42618
-42155
-40357
-36800
-34723
-35110
-35710
-35116
-32984
-29378
-25466
-21984
-19157
-16480
-13792
-11472
-9960
-15692
-30462
-46357
-55524
-57892
-57707
-56612
-50487
-49087
-49400
-49440
-47661
-44224
-40014
-35577
-31967
-28886
-25798
-22817
-20135
-20638
-29678
-45370
-58896
-64096
-63608
-61742
-59440
-56078
-54348
-55841
-57498
-57471
-55581
-52506
-49299
-46150
-43339
-41206
-38840
-36058
-35980
-44478
-60619
-75834
-84013
-85481
-84902
-84152
-81466
-78410
-77341
-78136
-78209
-76696
-73579
-69873
-66500
-63685
-61444
-58611
-55738
-53868
-57455
-72095
-92283
-106741
-112899
-113693
-113135
-112273
-109227
-106607
-106831
-108646
-108764
-106642
-103456
-100006
-96611
-94054
-91574
-88887
-86525
-86911
-97560
-117812
-137446
-148963
-152318
-152214
-151811
-149086
-145933
-145720
-147718
-148571
-147599
-144272
-140600
-137384
-133856
-130621
-127927
-124642
-121529
-125441
-142728
-163982
-178424
-184368
-185491
-185522
-183944
-182694
-183991
-186526
-188546
-188242
-185296
-180532
-175883
-172154
-168557
-164357
-159964
-156321
-158708
-174364
-196130
-212059
-218427
-219851
-219996
-218027
-213232
-209433
-208295
-208657
-207460
-204343
-200921
-196515
-192167
-188582
-185096
-181281
-177405
-176613
-186980
-207681
-227403
-236381
-237628
-236730
-234988
-230789
-225644
-223499
-224085
-224310
-221654
-216828
-211478
-206644
-202305
-197621
-193235
-189265
-185732
-190520
-208910
-230212
-243718
-247597
-245835
-242909
-238586
-232582
-229006
-228357
-227934
-225647
-221587
-216092
-209521
-203764
-199449
-195206
-190758
-186750
-186932
-199433
-220612
-238057
-244686
-243803
-240996
-237283
-231911
-227963
-227155
-227842
-226237
-221598
-215371
-209194
-203503
-198260
-193575
-188795
-183997
-181398
-191221
-212459
-232035
-240325
-239929
-237037
-234433
-228664
-222030
-218647
-217862
-216676
-213106
-207407
-200646
-194368
-189395
-184746
-179848
-175499
-172278
-176786
-194860
-217259
-231185
-233203
-229994
-227331
-223137
-216067
-211306
-210500
-210075
-208110
-204141
-198159
-191598
-185676
-180869
-175851
-170184
-164418
-163405
-176145
-198230
-216615
-223756
-221944
-217350
-212954
-206132
-199616
-197134
-197527
-197754
-194567
-188098
-181262
-174684
-168807
-163960
-159070
-154468
-151979
-160273
-178595
-195489
-201429
-199342
-194957
-189897
-182530
-176615
-174365
-173432
-170804
-166303
-161256
-155051
-148868
-143532
-138226
-132755
-127756
-125210
-131771
-147657
-164052
-172443
-173223
-172172
-170402
-166204
-160584
-156811
-155093
-154001
-151307
-146587
-141217
-135761
-130993
-126405
-122373
-118023
-114202
-115406
-126273
-140207
-148730
-150792
-149436
-147507
-145309
-141084
-137213
-135702
-135150
-133254
-129721
-125434
-120881
-116401
-112268
-108667
-104663
-101039
-99608
-107310
-121103
-136319
-136055
-134831
-132786
-128657
-124339
-122069
-121153
-119436
-116597
-112714
-108304
-104244
-100368
-96598
-93076
-89545
-85920
-85583
-93957
-106057
-114406
-116443
-115934
-115443
-113728
-110262
-107856
-107927
-108077
-106312
-103006
-99416
-95462
-91754
-88526
-84705
-80731
-76908
-74679
-78592
-88943
-99191
-103876
-104368
-103805
-103334
-100329
-96257
-94160
-92869
-90980
-88717
-85607
-81499
-77404
-73628
-69837
-66151
-62365
-58248
-55319
-58905
-69243
-79905
-85078
-85822
-84993
-84155
-81520
-77525
-75061
-73394
-71196
-67418
-63094
-58865
-54936
-50998
-47123
-43398
-39542
-37004
-41476
-52218
-62327
-67229
-68244
-67933
-67172
-63538
-59174
-57146
-56869
-55894
-53457
-49885
-45905
-41675
-37992
-35027
-31820
-28030
-24581
-23743
-30322
-41772
-51464
-56323
-56793
-56252
-55664
-52885
-50476
-50276
-50928
-47562
-44512
-41394
-37894
-34606
-31940
-29551
-26739
-24911
-28368
-38736
-51259
-59929
-62590
-62048
-60303
-56937
-52438
-49239
-47785
-46827
-46141
-44189
-40018
-35516
-31296
-27791
-24549
-21089
-17894
-15965
-19219
-30264
-42749
-49783
-51323
-51404
-48930
-46206
-44805
-43875
-43450
-42255
-39103
-35313
-31303
-27549
-24400
-21375
-18044
-14458
-11318
-13931
-23510
-34395
-40487
-41922
-39877
-37442
-33206
-29725
-28929
-28061
-26751
-24082
-20591
-17079
-13864
-11013
-8874
-6469
-3504
-926
-3135
-12377
-23150
-29511
-30842
-29957
-29213
-26690
-23037
-21491
-21221
-20833
-19499
-17160
-14290
-11190
-9195
-7296
-5266
-3742
-2273
-2038
-7375
-18811
-29696
-36230
-35340
-33781
-30811
-28797
-28297
-28403
-27750
-25402
-22228
-18921
-15485
-12685
-10192
-7661
-5209
-3241
-4146
-12663
-25704
-36066
-40469
-41175
-41382
-41084
-38718
-36115
-35175
-35240
-35176
-33903
-31535
-28586
-25818
-23433
-20850
-18373
-15888
-13757
-16428
-27007
-40538
-49015
-51073
-49997
-48252
-45513
-41741
-38744
-38005
-37584
-35771
-32539
-29369
-25776
-22054
-19412
-17526
-15311
-12783
-11697
-16859
-28552
-40284
-46218
-46556
-45051
-43526
-40541
-37090
-36153
-36388
-35918
-34030
-31036
-27250
-23801
-20867
-17897
-15041
-12079
-9324
-10128
-18475
-29756
-37770
-40147
-39558
-38065
-36320
-33262
-30610
-29332
-28835
-27353
-24810
-21525
-18409
-15038
-11994
-8923
-5980
-3694
-1386
-4200
-13972
-24231
-29859
-31326
-31136
-30427
-28253
-25461
-23867
-23192
-22446
-21121
-19158
-16308
-13170
-9983
-7301
-4644
-2239
137
579
-5887
-17035
-26539
-30218
-30194
-29369
-27704
-24961
-21954
-20270
-20158
-20024
-18044
-14992
-11713
-8488
-5288
-2631
-244
2243
4395
2689
-5993
-17347
-24564
-26705
-26795
-26152
-26141
-22070
-20648
-21206
-21917
-21052
-18976
-16115
-12933
-10120
-7898
-5871
-3401
-771
-165
-6562
-18957
-30373
-36567
-38769
-39603
-39592
-37187
-34292
-33534
-33862
-33184
-31419
-28836
-22377
-19464
-17442
-15196
-12121
-9465
-10985
-21107
-35124
-45590
-49875
-50686
-50617
-49104
-45204
-42186
-41271
-40767
-39516
-36809
-33610
-29900
-26821
-24440
-21962
-19258
-16385
-14543
-18348
-30019
-43475
-51467
-52735
-51628
-51230
-48750
-44657
-42129
-42279
-42921
-41486
-38252
-34982
-31755
-28790
-25401
-21489
-17335
-13389
-13515
-22883
-37422
-48140
-52189
-52078
-50887
-48949
-44867
-41455
-40222
-40658
-37195
-34099
-31206
-28481
-26346
-24955
-23201
-21872
-26297
-38899
-53268
-61588
-62516
-60930
-59069
-54986
-50485
-49086
-49431
-48703
-45715
-41963
-37865
-33303
-29519
-25904
-22444
-18633
-16340
-21750
-35632
-49255
-55836
-56523
-55546
-54606
-51037
-45802
-42466
-41639
-40595
-37894
-34004
-29585
-25808
-22142
-18246
-14535
-11105
-9843
-16205
-28990
-39739
-43702
-43422
-41248
-39108
-35566
-31835
-29608
-29080
-27918
-25111
-21385
-17722
-14034
-10835
-7904
-5211
-1926
23
-5478
-17613
-28159
-32032
-31595
-30038
-27942
-24125
-20270
-18386
-17799
-16814
-14306
-10791
-7291
-4539
-2449
-447
1985
3530
4392
-894
-12701
-24471
-30607
-30973
-29813
-27974
-24687
-20576
-20706
-20244
-18054
-14921
-11514
-8383
-5687
-2587
274
3450
6115
4791
-4892
-18521
-28120
-31275
-30962
-30261
-28917
-25551
-23112
-22088
-21792
-20765
-18078
-15143
-12215
-8881
-5908
-3819
-1960
704
2795
-907
-13074
-27295
-35467
-37559
-37211
-36409
-34131
-31233
-29144
-28585
-29009
-27355
-24170
-20798
-17661
-14495
-11803
-8667
-5301
-2188
-104
-5549
-19857
-34196
-41334
-42109
-40664
-38840
-35611
-32319
-30854
-30761
-30400
-28522
-25098
-21221
-17187
-13624
-11195
-9549
-7327
-4968
-5552
-15070
-30505
-43039
-48425
-48572
-47226
-44932
-40924
-38390
-37673
-37426
-35982
-32847
-29075
-24512
-19929
-15793
-12388
-9172
-5293
-3322
-8618
-22487
-38359
-47877
-49651
-47825
-46160
-43241
-38593
-35767
-35416
-35155
-33885
-32144
-29493
-25150
-21125
-17921
-15130
-11987
-8297
-7562
-16476
-32319
-45890
-51840
-51969
-50115
-47666
-43482
-39758
-38543
-38850
-39046
-36779
-33127
-28852
-25303
-22620
-19629
-16159
-12816
-10302
-12699
-25338
-43324
-55543
-58616
-57601
-55824
-52135
-47460
-44212
-43243
-43211
-42027
-38859
-34330
-29253
-24640
-20385
-16616
-13355
-10793
-9526
-16174
-30851
-44985
-51094
-50609
-48267
-45379
-40644
-37834
-38095
-39146
-39117
-38249
-36007
-32669
-29060
-25660
-22342
-19493
-16654
-14544
-20341
-35036
-50717
-58910
-59815
-58547
-57380
-53729
-49712
-48178
-48511
-48639
-47223
-44426
-40911
-37388
-34544
-32010
-29132
-25906
-23638
-27056
-40129
-56604
-67565
-70584
-69136
-66848
-62889
-59902
-59483
-60235
-58996
-55834
-51990
-47638
-42930
-39203
-35888
-32141
-28836
-29785
-41111
-58765
-72744
-78725
-80052
-80029
-78148
-74142
-71028
-70327
-70748
-69796
-66688
-62185
-57251
-53104
-48852
-44289
-41168
-38286
-36890
-44217
-60480
-76498
-84778
-86411
-85274
-83462
-79176
-74559
-72429
-72860
-72579
-70060
-66447
-62011
-57245
-53013
-49122
-45530
-41816
-38670
-42239
-55836
-71972
-81181
-82950
-82129
-80221
-75828
-70734
-68499
-68052
-67423
-64838
-60761
-56245
-51538
-47385
-43816
-40752
-38267
-35791
-35169
-44818
-62133
-76967
-83316
-83623
-83162
-82383
-78465
-73287
-70221
-69685
-68685
-66239
-61455
-56291
-51869
-48264
-44386
-40505
-37431
-34617
-34910
-46006
-64494
-79277
-85782
-87380
-85711
-81309
-76686
-74284
-73911
-72328
-68388
-63634
-59190
-54659
-50469
-47414
-44230
-40049
-35919
-34673
-42288
-58649
-74184
-81310
-81975
-81644
-80289
-75660
-71179
-69080
-68980
-68116
-65073
-60593
-55700
-50572
-46208
-42898
-40111
-37149
-33770
-32016
-39008
-54389
-68953
-75731
-76876
-75302
-72841
-68519
-64037
-61635
-61844
-61119
-57515
-53082
-48742
-44249
-40106
-36805
-33805
-30415
-26399
-22700
-23841
-34855
-50723
-62421
-66391
-66050
-65313
-63348
-58260
-53833
-52066
-52667
-52130
-48891
-44593
-39354
-33740
-28507
-24876
-21231
-16959
-13686
-10889
-14376
-28034
-43471
-51892
-53349
-53093
-51882
-48928
-44322
-40310
-38761
-38405
-36072
-31728
-26554
-21252
-15914
-10794
-6087
-2157
2103
6727
10987
8981
-616
-10193
-14507
-13382
-10904
-8656
-5098
-671
2091
2847
3707
5997
9400
13189
17325
21442
25099
28358
32992
37006
40349
39802
31729
21705
15752
15264
17047
18757
21733
26317
30231
32196
33234
36184
40490
44963
49502
54561
59363
63501
66957
70403
74350
76910
72427
61973
52543
48492
48525
49859
50798
53702
57236
59506
59986
59868
60696
63197
66377
69429
72366
75409
78096
80727
84041
87765
87718
79826
68803
61263
59498
60252
61702
64107
68048
70220
70189
70207
71527
73762
76693
80759
84795
88189
91599
95004
98689
102551
105272
102209
93865
85826
82475
83356
84900
86786
90275
92116
91965
90931
91016
92896
96212
100021
103912
106677
108722
110445
111068
111537
111000
103922
91150
80850
76225
76125
77267
78511
81189
85323
89017
91491
93600
96363
99242
101995
104339
105949
107505
108399
108254
108644
108771
104810
94973
83909
77748
75538
74580
74319
76492
79447
82015
83732
85585
89127
93852
98853
103705
107754
111064
113470
115602
116901
117325
112519
100959
89017
82784
81475
82082
82495
84546
87280
89264
90235
91610
94510
98079
102077
105193
108377
111789
114797
117061
118624
120784
117615
108480
99027
93456
92279
92172
92206
93933
95643
95550
93565
91279
89347
88559
88831
89964
91459
92924
94696
97123
98939
99231
94960
85429
75922
71366
70610
72723
75839
79715
83250
85645
86550
87300
88562
90237
91256
91985
93327
94753
95881
98326
99034
94299
84663
75628
70741
68889
68391
68843
71120
73197
74061
73522
73381
74884
77394
80355
83481
85985
88241
89803
90867
92326
90707
82988
71996
63385
59213
57697
57077
57287
58973
60842
61793
62631
64983
68671
72517
75228
76973
77852
77961
77930
76604
72825
63757
50894
40668
36217
35884
35705
37381
40277
41953
42557
43430
44456
45917
49111
52282
54431
56588
59435
62103
64287
66961
65216
58191
49316
43859
42937
43671
44225
44602
46703
46466
46274
47371
50371
53752
57481
60616
62839
64522
65627
66874
67808
65206
54922
44459
36963
34374
33379
32637
33175
34880
35459
34772
33984
34256
35126
37055
39545
41462
42663
43976
45839
47158
47409
43952
35080
24627
19036
17106
16894
16836
18658
21230
23009
22981
23220
25080
28165
31445
34826
40858
43938
46662
49174
50305
45979
36025
26610
21613
19128
16733
15971
17444
19397
20749
21770
22605
23862
26563
29818
32465
35156
37994
40445
42836
46118
47865
42987
33504
25481
22108
21560
21700
22334
24066
26584
28572
29913
30506
31915
34661
38401
41684
44484
47388
49630
52156
54922
56245
52627
43334
34123
30276
30199
30203
31246
34094
36803
37621
37531
37926
39052
41278
44421
47711
50674
52679
53911
55993
58089
58292
52674
42228
31781
26491
24707
24396
24800
27218
29387
30143
30361
31182
33214
36553
40195
43713
47007
49237
50947
53353
55739
55261
47276
34364
23563
17775
14457
12955
13027
14794
17461
19497
19784
20614
23010
26879
30393
33487
37050
40408
43421
46045
48268
47910
39319
24958
13032
8706
8477
8159
9217
12795
15011
14806
14723
15438
17767
22394
27213
30645
34407
38374
41522
45017
47989
47148
38299
25491
16598
14313
15260
16285
18049
21897
25070
25760
25857
27462
29689
32743
36769
40211
42645
44407
46251
48136
48425
40712
25531
12158
6848
6032
6975
10115
15442
19516
20765
21125
22682
24907
28613
33280
37051
40208
43150
46473
49615
52317
48444
35229
19773
10955
8812
7855
7544
9443
12996
15689
16568
16445
17728
20918
25407
29985
34019
37780
41315
44243
47103
47201
37876
21045
6445
-80
-1384
-1457
-29
4517
8624
10156
10507
11056
13494
17286
21362
24419
27899
31931
35679
39404
42571
39943
27820
13227
5221
4502
6130
7889
11679
16729
19435
19509
19896
22446
26877
31552
35997
40188
43957
46947
50191
53610
52414
42250
28784
19668
16669
16610
17827
20742
24212
26401
27344
28297
30116
33670
38248
42906
46977
50747
54284
57349
60801
60629
51588
37300
26640
22830
22345
21873
21408
24139
27755
28996
28981
29888
32517
35902
39428
42606
45644
48866
52398
55266
56088
48970
35928
24508
19417
18674
18722
19065
21774
24543
25812
25989
26404
27977
30847
34368
37547
40189
43052
45625
48025
49524
45128
33498
22430
17825
17805
18686
19437
22920
26481
27405
27450
28062
29330
31574
34811
37883
40715
43309
46478
49458
51469
48356
39055
28734
22654
21591
22420
23265
25614
28029
28373
27357
27156
29123
31707
34478
39840
42310
44975
48220
51150
50036
41653
30649
23144
21068
20780
20529
21437
24077
26141
26418
25480
25185
27041
30112
33613
36099
38356
40629
42780
45071
45401
39084
27476
17751
13494
12691
12932
13344
15968
18801
20033
19815
20211
21817
24281
27140
29704
32046
34379
36735
39522
41971
39075
28460
16489
10302
9063
9247
10109
12907
16296
17827
18008
18810
20647
22939
26013
29896
33631
36457
39048
41933
44849
44608
37703
28110
21661
19257
19193
20593
23435
26680
28526
29406
30025
31164
32992
35982
38913
41416
44022
46931
49411
51450
52220
47449
38707
31789
28986
29016
29436
30760
33955
36651
38452
39450
40778
43761
47497
50857
53055
55284
57961
60057
62082
64438
61931
53923
46053
42100
41448
41405
41526
43243
45674
47115
47545
47865
49209
51958
54805
56996
59049
61648
63984
66210
68731
68774
61419
50944
44249
42143
41320
42165
44371
45268
44891
44430
44658
45852
47426
49592
51531
53316
55182
56855
58298
58654
53613
43839
35106
31337
30625
30438
30996
32884
33812
33422
32867
33478
35393
37514
39349
41617
44078
46061
47953
49453
50464
46152
35316
23420
15974
13097
11184
9668
10177
11837
11952
10530
9489
9226
10240
12845
15759
17915
19578
21977
24769
26755
24309
13564
-917
-11686
-16598
-18426
-19131
-18701
-16930
-14960
-15402
-17015
-17798
-16115
-13506
-11371
-8439
-5885
-3662
-1291
2322
4101
-2436
-15431
-27509
-33944
-35113
-34596
-33580
-31102
-29627
-30554
-32767
-33866
-32560
-30213
-28111
-25842
-21507
-19498
-17028
-16051
-24197
-39552
-53612
-60704
-62073
-61273
-59587
-56522
-53975
-54187
-55089
-54480
-51776
-48361
-45494
-43127
-40416
-37419
-34515
-33019
-40056
-56416
-72314
-80268
-82028
-82169
-82335
-79197
-75008
-73501
-73277
-72182
-69468
-65849
-62382
-61567
-61943
-60379
-57806
-56005
-60970
-75791
-92431
-101834
-104527
-104114
-103432
-100758
-96880
-94933
-95402
-96424
-95729
-92921
-89591
-87526
-85271
-82229
-79482
-77114
-74915
-78605
-92379
-108732
-118229
-120812
-120673
-119266
-116126
-112309
-110477
-111399
-111617
-110078
-107159
-102872
-98672
-95028
-91539
-87932
-84712
-82190
-86773
-102347
-121233
-132663
-135891
-135748
-135311
-132384
-126803
-122517
-121679
-122242
-120522
-116949
-113148
-109111
-105371
-101703
-98256
-94979
-92250
-95526
-110281
-130430
-144404
-149390
-149350
-148905
-147204
-143160
-140368
-140365
-140510
-139308
-136461
-131956
-127059
-122681
-118572
-114985
-111920
-109259
-111483
-144898
-157867
-162160
-161988
-161066
-157937
-153081
-150625
-150626
-151247
-149817
-146877
-142628
-137901
-134517
-131780
-128383
-125320
-123251
-126296
-139873
-158089
-170352
-174502
-174839
-173521
-169874
-166076
-163833
-163439
-163481
-162305
-158245
-153018
-148746
-145492
-141618
-138020
-134992
-132191
-135143
-149596
-169324
-182968
-186941
-186895
-186951
-184645
-179778
-177098
-176962
-176873
-175495
-172428
-167820
-163195
-159376
-155425
-151674
-148221
-145156
-145994
-157005
-173210
-184290
-187967
-187843
-186793
-184757
-180431
-176899
-176562
-176615
-174639
-171543
-168408
-165000
-161554
-158674
-155808
-152032
-148315
-147594
-156116
-169913
-180099
-183800
-184144
-183291
-180771
-176808
-174588
-174271
-174446
-173912
-172393
-169283
-165296
-162393
-159503
-153205
-150545
-150033
-156925
-171097
-185861
-192373
-193817
-194010
-192572
-189185
-186694
-185512
-184724
-182316
-179290
-176082
-172493
-168874
-165775