536082
538907
541884
544486
545561
541141
530373
519760
512719
508784
506564
505916
506537
508144
508925
509321
509259
510579
512680
515390
518073
521439
524404
527479
530671
533786
536556
537500
531681
519755
508023
499595
495046
491397
489235
489399
490962
491745
491673
492307
492950
494849
497472
500636
503766
507272
510215
513450
516663
519944
522288
518734
507691
494483
484722
478519
474190
471398
470424
471471
472160
472779
473018
473938
475854
477877
481396
483826
487036
490223
493455
496638
499869
502833
504486
498654
486177
473658
469825
465857
461938
459630
459779
461539
463025
463250
463995
465356
467808
470444
467606
470994
474239
477506
480926
484402
487393
490737
492226
487111
474876
467942
458468
452960
449030
446287
446760
448613
450152
450302
452047
453984
460153
463752
467886
468064
468734
472071
475833
478869
480037
473633
466661
457629
451017
447222
444697
444491
446256
448411
449441
449984
450921
452716
455512
458594
461912
465595
469463
470871
469968
473395
476698
480237
480925
474507
466359
455468
446452
440962
437205
435314
436070
437297
438960
439046
439436
441038
443578
446800
450685
454335
458437
462254
466301
469794
469219
471368
474662
472373
466728
454108
442997
435999
431388
428365
427594
429503
431376
433053
433620
435154
437353
440423
444361
448445
452443
456863
461286
464598
468512
469355
470404
472530
470718
463411
450400
440521
434676
430840
428095
428577
430701
432904
434350
434701
436287
438445
441376
444844
449061
452497
456432
459717
463525
467141
470576
468519
470414
468436
459637
447997
441268
437823
436008
436391
438476
440923
442558
443144
444017
445754
448572
451475
455032
459382
463335
467839
468545
469132
473128
477162
480025
476113
468504
459509
450920
446447
443162
441519
442068
444862
447217
448093
449034
451075
453321
456478
459925
463805
467958
471072
468855
472629
476523
480597
483986
484582
477862
467715
458189
450225
444995
441115
439090
440022
441435
443846
444926
446098
448543
452064
455371
459361
463232
466652
470689
470866
471202
474341
477553
476914
470578
459204
446994
439523
434605
431039
429538
430896
433621
435544
436149
437559
440015
446939
450802
454896
459008
463023
466980
469546
470171
472125
476212
475985
470450
460342
448119
440384
436100
432525
431069
432183
434756
436700
437358
438326
440299
443591
446633
450626
454602
458441
462143
465967
469854
468614
470938
474194
474305
469023
458578
445965
438035
433069
429662
428029
429054
431258
432932
433278
433931
435747
438777
442180
445615
449511
453440
457048
460362
464106
467429
470294
468418
469047
464425
451148
440767
434907
431795
429775
430689
433223
435063
436456
437405
438688
441431
444601
447792
451684
455885
459631
463880
467101
470052
467873
471622
473649
471155
461374
447701
438302
433002
428892
426951
426678
429290
431685
432105
432512
433735
436400
439805
443920
447941
451483
455468
458973
462430
465776
469622
467402
468015
466073
451755
438344
429544
423916
419837
417418
418546
421028
422595
422945
423769
425956
428578
431910
435233
439047
443272
447110
451085
455085
458370
461561
465585
467021
459689
445053
430640
421426
414964
411242
408306
408835
411733
414319
414943
416054
418470
420821
424898
428703
432407
436780
440838
444415
448416
451873
455179
459424
462764
460035
449045
433950
420721
412394
408036
404261
403098
405196
407547
409837
410506
411745
414703
417865
421309
426085
430012
434216
438854
442871
446721
451157
454402
458460
460508
455457
441234
426107
415788
409964
405817
403017
403130
406034
408145
408747
409709
411111
414064
417206
421391
425079
429405
433387
437043
441929
444807
448976
452917
455916
455118
444370
428793
406887
402051
398684
397750
400040
403130
405327
406361
406904
410082
413448
417872
421483
426848
431032
434954
439831
443793
447242
451281
455706
457708
452188
437738
422742
411056
405747
401398
399281
399428
402891
404720
406422
406462
408254
411018
414452
419005
423055
427533
432097
435587
440144
443617
451208
454308
453529
442723
426878
412406
404647
399594
396445
395627
397635
400295
402121
403037
404297
407012
410117
414839
418537
423884
428524
432630
437546
441365
445205
449277
454030
454730
447646
432756
417537
408617
403109
400118
400468
403241
406033
407052
408003
409798
413114
417399
421173
430240
434502
438895
442800
446425
450143
454792
456720
450810
436401
421084
409606
402690
398207
395913
396565
399629
401648
403686
404502
406753
410360
414008
418346
422784
427253
431501
435317
439916
443052
446939
450871
453941
449713
437124
420323
407479
399763
395395
392269
391838
393821
397149
398871
399001
400091
402466
405643
409251
413740
418002
421822
425138
428822
432640
436396
439546
441599
434657
420099
405442
396072
391411
388715
387911
390166
393534
395684
396004
397121
398974
402272
406024
410753
415437
419807
423114
427393
431326
435317
439447
442718
438870
425865
408743
395458
387283
382287
378477
377974
380665
384073
385176
386123
387424
389916
393794
397818
402065
406433
410756
414893
418905
422325
426267
430879
430968
404403
388806
378331
372025
367677
365037
366441
369966
372371
373332
374550
376982
380514
384603
389093
393437
397623
401980
406114
409714
413385
417105
420147
416950
404036
386985
373369
365014
359739
356126
355260
358143
361365
362834
363493
364720
367339
370965
375070
379655
384085
387944
392138
395363
399882
403798
407484
407400
398037
382755
370007
362018
357843
355637
355328
358859
362607
364542
365996
368257
371272
375681
380278
385035
389619
394701
398618
402498
405697
409078
412563
414410
408995
395986
380712
368493
361509
356211
352319
351463
354183
357400
359235
360544
362755
366097
370281
374484
379418
383947
388870
393082
397140
401602
406319
411852
414432
410436
398580
384225
373530
366481
361276
357612
356256
358474
360769
361649
361134
362608
365178
368207
371702
375544
379549
383350
386971
390651
394212
397622
401032
404044
401231
389966
374773
362590
354322
347753
342757
341037
342869
345642
346149
346311
348177
350726
354194
357802
361558
366114
370550
374225
377797
381012
384838
388698
392133
389991
379669
365672
355352
349525
345948
344539
346067
349323
352464
353750
354504
356431
359364
363087
366817
371265
375345
379679
383399
387715
391190
395147
399717
402223
396609
382837
368684
359544
354123
351103
349130
350769
354894
358212
359963
361368
363829
367298
371344
375832
379423
383835
387835
391446
395754
399377
402422
405922
407157
399398
384166
369000
358243
352204
348291
344858
345047
347855
350253
351143
351610
353241
356319
359497
363331
367557
370886
374440
377704
381207
387407
390523
391286
384797
370181
353294
341780
335500
331046
327736
328155
330926
332454
330453
328419
328074
330208
332749
335284
338180
341054
344476
347343
350119
353440
356593
359310
357646
347617
332088
319147
312917
310613
309273
310097
314255
318538
320636
321660
323311
326197
330322
334585
339846
345472
351242
356207
361249
365705
370926
375669
378726
375751
363763
348308
337254
331629
329212
327729
328419
332155
336491
339466
341603
344090
347580
351212
355956
361329
366479
370769
374878
379129
382932
386927
390934
395434
394992
385050
367649
353710
345550
340940
337903
336512
338928
342738
345189
345596
346111
348472
352646
356698
360996
365959
370765
375401
380708
385198
389506
394701
399330
402162
398931
385717
368171
354702
346857
342519
339456
339017
341315
344131
346038
346762
348285
351638
355152
359120
363802
368508
373447
378177
381821
386481
390833
394345
398101
400698
397470
383883
364676
350349
342786
338212
335011
334228
337301
340308
341983
342649
344492
347422
351440
356282
361216
365451
370215
375143
379032
383104
387630
392304
395313
390347
376853
360872
350123
346090
343872
343245
345246
349372
352961
353518
354135
356509
360279
364682
369261
374405
379325
383704
387887
391769
395765
399645
403424
404353
395852
378978
361999
351705
346320
343365
342042
344038
349453
354479
357421
359553
362174
365904
370136
375050
380440
384692
388762
392404
396005
399406
403104
406773
405351
394518
376605
360573
350922
345564
342460
341632
345094
349561
352226
353649
354506
356678
360593
365197
369133
373497
377847
382410
386216
390144
394135
398286
401358
397981
384936
367115
352722
344575
339173
333761
331086
332671
334658
334942
333176
333260
335326
339242
344293
349092
353593
357572
362718
367560
371975
376898
381006
379411
367760
352778
341446
336600
334924
334445
336715
341143
345114
347870
349342
351934
355991
360156
364981
371075
376658
381755
386162
390857
395305
399703
403701
403263
393005
375736
361144
352566
347271
342480
340840
342779
346324
348509
349078
350252
352565
356509
364720
368470
372691
376602
380437
384650
387919
392274
395134
388395
373136
356861
345764
339251
334806
332932
334073
338666
342867
344034
344219
345546
348567
352539
356069
359824
363799
367693
371148
374996
378703
382826
386551
386534
377798
361543
347185
338253
333405
329414
327385
329709
333412
335718
336619
337482
340132
343993
348353
353167
357735
362461
366455
370499
374306
378904
383749
385927
379404
366394
353588
346337
342907
341418
341880
345344
348885
350689
351840
353354
356633
360069
364650
369579
374399
378347
382353
386646
390607
394717
399350
403084
401453
390629
377163
366090
359901
356136
353741
353401
356294
360400
363120
364704
366847
370436
375213
379688
384105
388784
393140
397442
400782
405024
409352
413843
415474
409789
396542
382077
372912
367864
363744
360861
361591
364905
367356
368869
370655
372906
376386
379912
384318
388707
392723
396192
400111
403429
407188
410694
414201
412938
402496
387849
376554
369789
365921
363339
362745
365838
368566
370528
371338
373421
376488
380245
384409
389434
394180
398157
402205
405839
409124
413333
416731
415303
404719
390627
380429
374250
371117
369547
370229
373420
376745
378344
379558
381637
385200
388938
393161
397684
402246
406334
410685
414536
418455
422166
426118
425906
417129
401574
387469
378506
372231
368026
365541
366411
369054
370514
371096
371148
372986
375624
378811
382631
386525
390561
393866
397251
400088
403427
407147
409599
406544
393767
377192
363806
355934
351192
347526
346508
349233
352056
353124
353625
354756
357217
361209
365407
369721
374017
378109
383005
387106
390965
395010
399392
402208
397757
384627
370734
361827
357873
355017
353318
354961
358437
360944
361740
362907
365197
368204
372397
377114
381764
385975
390268
394548
397584
401929
405962
409415
406398
395240
381393
371381
366266
363452
362299
363630
366726
369857
371559
372356
374106
377278
381268
385544
389705
394100
398401
401854
405865
409636
413356
416992
418456
411217
396370
381495
372040
366628
363070
361152
361911
365151
367479
368043
369364
371394
374450
377809
381831
386457
390289
394482
398489
402742
406462
410539
413952
413875
404060
386905
372300
363879
358906
355389
353750
355615
358798
360959
361508
362355
364297
367248
370982
374834
378361
382179
385275
388385
391154
394064
397337
399010
392882
378124
362867
353186
348671
345658
344908
347631
351274
354023
355239
356397
359250
363102
367210
371445
376151
380794
384707
388399
391787
395712
399675
400542
391964
376836
363279
354832
350426
347368
346691
349345
352860
355690
356544
357963
360823
364316
368565
372923
377559
381288
385271
388507
392086
395422
399309
398606
389076
372100
356220
346592
340996
336898
333975
335636
339320
342077
343408
344732
347219
350889
355045
359587
363692
367877
372089
376070
379636
383484
387897
390237
384944
370415
353228
340618
333328
328105
324525
324818
327954
330788
332178
332845
334373
337107
340907
345162
349550
353857
357691
361409
364518
368272
372077
375380
374680
363365
346108
332119
324850
320924
318270
317408
320342
323373
324546
324836
326155
328752
332585
337191
342172
346003
350525
354713
358467
362366
366736
370548
366831
354195
337669
325481
319140
316530
315246
316648
321296
325143
327342
328674
330941
334640
338669
343755
348374
353513
357881
362160
366017
369664
373659
377389
375871
363080
344542
328679
319569
314374
310942
310182
313491
318076
321199
322420
323776
326721
331000
335959
340553
345990
350732
355472
359295
363262
367370
371606
373763
366997
349950
332111
320404
314246
310376
307968
309276
313547
316785
318148
318989
320198
323396
327627
332039
336691
341113
344811
348634
351929
355681
359707
363611
360459
346775
329275
316974
311253
308265
307534
309986
315197
319473
321334
322475
324590
328914
333622
338789
343439
348907
353050
357087
360721
368745
371499
368022
354150
336295
323234
316965
314216
312709
314211
318867
323638
325654
326514
328861
332381
336305
341027
345884
350469
354559
358308
362313
366139
370293
374731
374593
363754
344857
328013
317889
312593
309688
309290
311928
316212
319899
321407
322221
325257
329276
333600
338838
343790
348275
352773
356519
360189
363814
368218
371863
369214
355443
335631
320247
311611
307524
304488
304832
309193
314003
317102
317991
319817
323138
327507
332452
338236
343282
347635
351760
355280
359286
363461
367867
368540
359881
342087
325838
317359
313932
312513
313236
317788
322904
326034
327592
328734
331965
336253
341727
347138
351839
357210
361546
365817
369194
373174
377529
378853
369844
351415
333679
323001
318218
316029
314919
317891
322897
326616
327771
329095
331469
335525
339931
345020
349990
355104
359440
363296
367100
370855
375752
378752
373618
357425
337223
323039
316437
313373
311193
312346
317220
321993
326150
328863
332895
337651
342385
347726
352337
357362
361630
365637
369792
374031
378460
379200
368626
348882
331122
321624
317280
314009
312927
316224
321176
324174
325000
326308
328592
331973
336391
341408
345810
350193
354681
358683
362762
367014
371178
371636
361931
343287
326359
317449
313805
312810
314064
318638
323804
327143
328163
330182
334209
339081
343541
348476
353468
358284
362586
366653
375663
379911
379910
369414
349602
330974
321200
316066
313325
312591
316126
321297
324630
325926
327056
329568
334077
339000
344382
349933
359383
363918
367949
371846
375629
377947
370873
352513
331745
317255
310259
306825
305080
306719
311929
316477
319235
320721
323191
327104
332032
336907
341991
346792
351975
356202
359904
363646
368084
372087
371574
359538
339676
322563
312933
309004
306787
307074
311671
316590
319171
319919
321678
324798
328820
333644
339067
344176
353113
357241
361074
365475
369504
368504
355964
336205
320807
312960
309869
308888
310350
314918
319900
322301
323346
325164
328476
333751
339295
345186
350720
356007
361281
366336
370218
374900
379944
379569
367505
347155
329171
319283
315000
312625
312246
315944
320832
323950
325071
325706
328240
332334
337190
342237
347159
351474
356063
359705
363875
368152
372372
374255
365889
346731
326809
314954
308969
306276
305637
308402
313547
318392
320497
321749
324490
328733
333613
338868
344362
349428
354271
358344
362634
366504
370778
374792
371972
356979
337465
323163
315772
312949
312149
313964
318437
322716
324620
325066
326738
331169
336486
341760
346934
352186
356858
360510
364426
368281
372163
374302
367239
349414
330888
319311
314155
311777
311443
314700
319659
323315
324616
325984
329103
332975
337550
342570
348332
354092
358841
363279
368209
372602
376832
380075
373989
356657
336567
323876
318040
315396
314123
315947
320704
325135
327861
329571
331796
335964
340732
345655
350366
356047
360522
364441
368519
373164
377836
382278
380703
367836
348079
331390
321967
317290
314109
313709
316864
321597
324590
326692
328206
331173
335415
340142
345753